---
image_width: 320
image_height: 240
camera_name: camera
camera_matrix:
  rows: 3
  cols: 3
  data: [245.312887, 0, 165.227376, 0, 245.201850, 123.723979, 0, 0, 1]
distortion_model: plumb_bob
distortion_coefficients:
  rows: 1
  cols: 5
  data: [0.087617, -0.187180, 0.002487, 0.004910, 0]
rectification_matrix:
  rows: 3
  cols: 3
  data: [1, 0, 0, 0, 1, 0, 0, 0, 1]
projection_matrix:
  rows: 3
  cols: 4
  data: [245.068726, 0, 166.670019, 0, 0, 247.035309, 123.715978, 0, 0, 0, 1, 0]